image: /home/he/ME5413_Final_Project/src/me5413_team_solution/maps/my_level1.pgm
resolution: 0.050000
origin: [-9.444280, -14.775647, 0.000000]
negate: 0
occupied_thresh: 0.65
free_thresh: 0.196

